"pokemonId","localLanguageId","name","formName"
"1-n1-1","1","フシギダネ",""
"1-n1-2","2","Bulbasaur",""
"1-n2-1","1","フシギソウ",""
"1-n2-2","2","Ivysaur",""
"1-n3-1","1","フシギバナ",""
"1-n3-2","2","Venusaur",""
"1-n3m-1","1","メガフシギバナ","メガフシギバナ"
"1-n3m-2","2","Venusaur","メガフシギバナ"
"1-n4-1","1","ヒトカゲ",""
"1-n4-2","2","Charmander",""
"1-n5-1","1","リザード",""
"1-n5-2","2","Charmeleon",""
"1-n6-1","1","リザードン",""
"1-n6-2","2","Charizard",""
"1-n6x-1","1","メガリザードンX","メガリザードンX"
"1-n6x-2","2","Charizard","メガリザードンX"
"1-n6y-1","1","メガリザードンY","メガリザードンY"
"1-n6y-2","2","Charizard","メガリザードンY"
"1-n7-1","1","ゼニガメ",""
"1-n7-2","2","Squirtle",""
"1-n8-1","1","カメール",""
"1-n8-2","2","Wartortle",""
"1-n9-1","1","カメックス",""
"1-n9-2","2","Blastoise",""
"1-n9m-1","1","メガカメックス","メガカメックス"
"1-n9m-2","2","Blastoise","メガカメックス"
"1-n10-1","1","キャタピー",""
"1-n10-2","2","Caterpie",""
"1-n11-1","1","トランセル",""
"1-n11-2","2","Metapod",""
"1-n12-1","1","バタフリー",""
"1-n12-2","2","Butterfree",""
"1-n13-1","1","ビードル",""
"1-n13-2","2","Weedle",""
"1-n14-1","1","コクーン",""
"1-n14-2","2","Kakuna",""
"1-n15-1","1","スピアー",""
"1-n15-2","2","Beedrill",""
"1-n15m-1","1","メガスピアー","メガスピアー"
"1-n15m-2","2","Beedrill","メガスピアー"
"1-n16-1","1","ポッポ",""
"1-n16-2","2","Pidgey",""
"1-n17-1","1","ピジョン",""
"1-n17-2","2","Pidgeotto",""
"1-n18-1","1","ピジョット",""
"1-n18-2","2","Pidgeot",""
"1-n18m-1","1","メガピジョット","メガピジョット"
"1-n18m-2","2","Pidgeot","メガピジョット"
"1-n19-1","1","コラッタ",""
"1-n19-2","2","Rattata",""
"1-n19a-1","1","コラッタ","アローラのすがた"
"1-n19a-2","2","Rattata","アローラのすがた"
"1-n20-1","1","ラッタ",""
"1-n20-2","2","Raticate",""
"1-n20a-1","1","ラッタ","アローラのすがた"
"1-n20a-2","2","Raticate","アローラのすがた"
"1-n21-1","1","オニスズメ",""
"1-n21-2","2","Spearow",""
"1-n22-1","1","オニドリル",""
"1-n22-2","2","Fearow",""
"1-n23-1","1","アーボ",""
"1-n23-2","2","Ekans",""
"1-n24-1","1","アーボック",""
"1-n24-2","2","Arbok",""
"1-n25-1","1","ピカチュウ",""
"1-n25-2","2","Pikachu",""
"1-n26-1","1","ライチュウ",""
"1-n26-2","2","Raichu",""
"1-n26a-1","1","ライチュウ","アローラのすがた"
"1-n26a-2","2","Raichu","アローラのすがた"
"1-n27-1","1","サンド",""
"1-n27-2","2","Sandshrew",""
"1-n27a-1","1","サンド","アローラのすがた"
"1-n27a-2","2","Sandshrew","アローラのすがた"
"1-n28-1","1","サンドパン",""
"1-n28-2","2","Sandslash",""
"1-n28a-1","1","サンドパン","アローラのすがた"
"1-n28a-2","2","Sandslash","アローラのすがた"
"1-n29-1","1","ニドラン♀",""
"1-n29-2","2","Nidoran♀",""
"1-n30-1","1","ニドリーナ",""
"1-n30-2","2","Nidorina",""
"1-n31-1","1","ニドクイン",""
"1-n31-2","2","Nidoqueen",""
"1-n32-1","1","ニドラン♂",""
"1-n32-2","2","Nidoran♂",""
"1-n33-1","1","ニドリーノ",""
"1-n33-2","2","Nidorino",""
"1-n34-1","1","ニドキング",""
"1-n34-2","2","Nidoking",""
"1-n35-1","1","ピッピ",""
"1-n35-2","2","Clefairy",""
"1-n36-1","1","ピクシー",""
"1-n36-2","2","Clefable",""
"1-n37-1","1","ロコン",""
"1-n37-2","2","Vulpix",""
"1-n37a-1","1","ロコン","アローラのすがた"
"1-n37a-2","2","Vulpix","アローラのすがた"
"1-n38-1","1","キュウコン",""
"1-n38-2","2","Ninetales",""
"1-n38a-1","1","キュウコン","アローラのすがた"
"1-n38a-2","2","Ninetales","アローラのすがた"
"1-n39-1","1","プリン",""
"1-n39-2","2","Jigglypuff",""
"1-n40-1","1","プクリン",""
"1-n40-2","2","Wigglytuff",""
"1-n41-1","1","ズバット",""
"1-n41-2","2","Zubat",""
"1-n42-1","1","ゴルバット",""
"1-n42-2","2","Golbat",""
"1-n43-1","1","ナゾノクサ",""
"1-n43-2","2","Oddish",""
"1-n44-1","1","クサイハナ",""
"1-n44-2","2","Gloom",""
"1-n45-1","1","ラフレシア",""
"1-n45-2","2","Vileplume",""
"1-n46-1","1","パラス",""
"1-n46-2","2","Paras",""
"1-n47-1","1","パラセクト",""
"1-n47-2","2","Parasect",""
"1-n48-1","1","コンパン",""
"1-n48-2","2","Venonat",""
"1-n49-1","1","モルフォン",""
"1-n49-2","2","Venomoth",""
"1-n50-1","1","ディグダ",""
"1-n50-2","2","Diglett",""
"1-n50a-1","1","ディグダ","アローラのすがた"
"1-n50a-2","2","Diglett","アローラのすがた"
"1-n51-1","1","ダグトリオ",""
"1-n51-2","2","Dugtrio",""
"1-n51a-1","1","ダグトリオ","アローラのすがた"
"1-n51a-2","2","Dugtrio","アローラのすがた"
"1-n52-1","1","ニャース",""
"1-n52-2","2","Meowth",""
"1-n52a-1","1","ニャース","アローラのすがた"
"1-n52a-2","2","Meowth","アローラのすがた"
"1-n53-1","1","ペルシアン",""
"1-n53-2","2","Persian",""
"1-n53a-1","1","ペルシアン","アローラのすがた"
"1-n53a-2","2","Persian","アローラのすがた"
"1-n54-1","1","コダック",""
"1-n54-2","2","Psyduck",""
"1-n55-1","1","ゴルダック",""
"1-n55-2","2","Golduck",""
"1-n56-1","1","マンキー",""
"1-n56-2","2","Mankey",""
"1-n57-1","1","オコリザル",""
"1-n57-2","2","Primeape",""
"1-n58-1","1","ガーディ",""
"1-n58-2","2","Growlithe",""
"1-n59-1","1","ウインディ",""
"1-n59-2","2","Arcanine",""
"1-n60-1","1","ニョロモ",""
"1-n60-2","2","Poliwag",""
"1-n61-1","1","ニョロゾ",""
"1-n61-2","2","Poliwhirl",""
"1-n62-1","1","ニョロボン",""
"1-n62-2","2","Poliwrath",""
"1-n63-1","1","ケーシィ",""
"1-n63-2","2","Abra",""
"1-n64-1","1","ユンゲラー",""
"1-n64-2","2","Kadabra",""
"1-n65-1","1","フーディン",""
"1-n65-2","2","Alakazam",""
"1-n65m-1","1","メガフーディン","メガフーディン"
"1-n65m-2","2","Alakazam","メガフーディン"
"1-n66-1","1","ワンリキー",""
"1-n66-2","2","Machop",""
"1-n67-1","1","ゴーリキー",""
"1-n67-2","2","Machoke",""
"1-n68-1","1","カイリキー",""
"1-n68-2","2","Machamp",""
"1-n69-1","1","マダツボミ",""
"1-n69-2","2","Bellsprout",""
"1-n70-1","1","ウツドン",""
"1-n70-2","2","Weepinbell",""
"1-n71-1","1","ウツボット",""
"1-n71-2","2","Victreebel",""
"1-n72-1","1","メノクラゲ",""
"1-n72-2","2","Tentacool",""
"1-n73-1","1","ドククラゲ",""
"1-n73-2","2","Tentacruel",""
"1-n74-1","1","イシツブテ",""
"1-n74-2","2","Geodude",""
"1-n74a-1","1","イシツブテ","アローラのすがた"
"1-n74a-2","2","Geodude","アローラのすがた"
"1-n75-1","1","ゴローン",""
"1-n75-2","2","Graveler",""
"1-n75a-1","1","ゴローン","アローラのすがた"
"1-n75a-2","2","Graveler","アローラのすがた"
"1-n76-1","1","ゴローニャ",""
"1-n76-2","2","Golem",""
"1-n76a-1","1","ゴローニャ","アローラのすがた"
"1-n76a-2","2","Golem","アローラのすがた"
"1-n77-1","1","ポニータ",""
"1-n77-2","2","Ponyta",""
"1-n78-1","1","ギャロップ",""
"1-n78-2","2","Rapidash",""
"1-n79-1","1","ヤドン",""
"1-n79-2","2","Slowpoke",""
"1-n80-1","1","ヤドラン",""
"1-n80-2","2","Slowbro",""
"1-n80m-1","1","メガヤドラン","メガヤドラン"
"1-n80m-2","2","Slowbro","メガヤドラン"
"1-n81-1","1","コイル",""
"1-n81-2","2","Magnemite",""
"1-n82-1","1","レアコイル",""
"1-n82-2","2","Magneton",""
"1-n83-1","1","カモネギ",""
"1-n83-2","2","Farfetch'd",""
"1-n84-1","1","ドードー",""
"1-n84-2","2","Doduo",""
"1-n85-1","1","ドードリオ",""
"1-n85-2","2","Dodrio",""
"1-n86-1","1","パウワウ",""
"1-n86-2","2","Seel",""
"1-n87-1","1","ジュゴン",""
"1-n87-2","2","Dewgong",""
"1-n88-1","1","ベトベター",""
"1-n88-2","2","Grimer",""
"1-n88a-1","1","ベトベター","アローラのすがた"
"1-n88a-2","2","Grimer","アローラのすがた"
"1-n89-1","1","ベトベトン",""
"1-n89-2","2","Muk",""
"1-n89a-1","1","ベトベトン","アローラのすがた"
"1-n89a-2","2","Muk","アローラのすがた"
"1-n90-1","1","シェルダー",""
"1-n90-2","2","Shellder",""
"1-n91-1","1","パルシェン",""
"1-n91-2","2","Cloyster",""
"1-n92-1","1","ゴース",""
"1-n92-2","2","Gastly",""
"1-n93-1","1","ゴースト",""
"1-n93-2","2","Haunter",""
"1-n94-1","1","ゲンガー",""
"1-n94-2","2","Gengar",""
"1-n94m-1","1","メガゲンガー","メガゲンガー"
"1-n94m-2","2","Gengar","メガゲンガー"
"1-n95-1","1","イワーク",""
"1-n95-2","2","Onix",""
"1-n96-1","1","スリープ",""
"1-n96-2","2","Drowzee",""
"1-n97-1","1","スリーパー",""
"1-n97-2","2","Hypno",""
"1-n98-1","1","クラブ",""
"1-n98-2","2","Krabby",""
"1-n99-1","1","キングラー",""
"1-n99-2","2","Kingler",""
"1-n100-1","1","ビリリダマ",""
"1-n100-2","2","Voltorb",""
"1-n101-1","1","マルマイン",""
"1-n101-2","2","Electrode",""
"1-n102-1","1","タマタマ",""
"1-n102-2","2","Exeggcute",""
"1-n103-1","1","ナッシー",""
"1-n103-2","2","Exeggutor",""
"1-n103a-1","1","ナッシー","アローラのすがた"
"1-n103a-2","2","Exeggutor","アローラのすがた"
"1-n104-1","1","カラカラ",""
"1-n104-2","2","Cubone",""
"1-n105-1","1","ガラガラ",""
"1-n105-2","2","Marowak",""
"1-n105a-1","1","ガラガラ","アローラのすがた"
"1-n105a-2","2","Marowak","アローラのすがた"
"1-n106-1","1","サワムラー",""
"1-n106-2","2","Hitmonlee",""
"1-n107-1","1","エビワラー",""
"1-n107-2","2","Hitmonchan",""
"1-n108-1","1","ベロリンガ",""
"1-n108-2","2","Lickitung",""
"1-n109-1","1","ドガース",""
"1-n109-2","2","Koffing",""
"1-n110-1","1","マタドガス",""
"1-n110-2","2","Weezing",""
"1-n111-1","1","サイホーン",""
"1-n111-2","2","Rhyhorn",""
"1-n112-1","1","サイドン",""
"1-n112-2","2","Rhydon",""
"1-n113-1","1","ラッキー",""
"1-n113-2","2","Chansey",""
"1-n114-1","1","モンジャラ",""
"1-n114-2","2","Tangela",""
"1-n115-1","1","ガルーラ",""
"1-n115-2","2","Kangaskhan",""
"1-n115m-1","1","メガガルーラ","メガガルーラ"
"1-n115m-2","2","Kangaskhan","メガガルーラ"
"1-n116-1","1","タッツー",""
"1-n116-2","2","Horsea",""
"1-n117-1","1","シードラ",""
"1-n117-2","2","Seadra",""
"1-n118-1","1","トサキント",""
"1-n118-2","2","Goldeen",""
"1-n119-1","1","アズマオウ",""
"1-n119-2","2","Seaking",""
"1-n120-1","1","ヒトデマン",""
"1-n120-2","2","Staryu",""
"1-n121-1","1","スターミー",""
"1-n121-2","2","Starmie",""
"1-n122-1","1","バリヤード",""
"1-n122-2","2","Mr. Mime",""
"1-n123-1","1","ストライク",""
"1-n123-2","2","Scyther",""
"1-n124-1","1","ルージュラ",""
"1-n124-2","2","Jynx",""
"1-n125-1","1","エレブー",""
"1-n125-2","2","Electabuzz",""
"1-n126-1","1","ブーバー",""
"1-n126-2","2","Magmar",""
"1-n127-1","1","カイロス",""
"1-n127-2","2","Pinsir",""
"1-n127m-1","1","メガカイロス","メガカイロス"
"1-n127m-2","2","Pinsir","メガカイロス"
"1-n128-1","1","ケンタロス",""
"1-n128-2","2","Tauros",""
"1-n129-1","1","コイキング",""
"1-n129-2","2","Magikarp",""
"1-n130-1","1","ギャラドス",""
"1-n130-2","2","Gyarados",""
"1-n130m-1","1","メガギャラドス","メガギャラドス"
"1-n130m-2","2","Gyarados","メガギャラドス"
"1-n131-1","1","ラプラス",""
"1-n131-2","2","Lapras",""
"1-n132-1","1","メタモン",""
"1-n132-2","2","Ditto",""
"1-n133-1","1","イーブイ",""
"1-n133-2","2","Eevee",""
"1-n134-1","1","シャワーズ",""
"1-n134-2","2","Vaporeon",""
"1-n135-1","1","サンダース",""
"1-n135-2","2","Jolteon",""
"1-n136-1","1","ブースター",""
"1-n136-2","2","Flareon",""
"1-n137-1","1","ポリゴン",""
"1-n137-2","2","Porygon",""
"1-n138-1","1","オムナイト",""
"1-n138-2","2","Omanyte",""
"1-n139-1","1","オムスター",""
"1-n139-2","2","Omastar",""
"1-n140-1","1","カブト",""
"1-n140-2","2","Kabuto",""
"1-n141-1","1","カブトプス",""
"1-n141-2","2","Kabutops",""
"1-n142-1","1","プテラ",""
"1-n142-2","2","Aerodactyl",""
"1-n142m-1","1","メガプテラ","メガプテラ"
"1-n142m-2","2","Aerodactyl","メガプテラ"
"1-n143-1","1","カビゴン",""
"1-n143-2","2","Snorlax",""
"1-n144-1","1","フリーザー",""
"1-n144-2","2","Articuno",""
"1-n145-1","1","サンダー",""
"1-n145-2","2","Zapdos",""
"1-n146-1","1","ファイヤー",""
"1-n146-2","2","Moltres",""
"1-n147-1","1","ミニリュウ",""
"1-n147-2","2","Dratini",""
"1-n148-1","1","ハクリュー",""
"1-n148-2","2","Dragonair",""
"1-n149-1","1","カイリュー",""
"1-n149-2","2","Dragonite",""
"1-n150-1","1","ミュウツー",""
"1-n150-2","2","Mewtwo",""
"1-n150x-1","1","メガミュウツーX","メガミュウツーX"
"1-n150x-2","2","Mewtwo","メガミュウツーX"
"1-n150y-1","1","メガミュウツーY","メガミュウツーY"
"1-n150y-2","2","Mewtwo","メガミュウツーY"
"1-n151-1","1","ミュウ",""
"1-n151-2","2","Mew",""
"1-n152-1","1","チコリータ",""
"1-n152-2","2","Chikorita",""
"1-n153-1","1","ベイリーフ",""
"1-n153-2","2","Bayleef",""
"1-n154-1","1","メガニウム",""
"1-n154-2","2","Meganium",""
"1-n155-1","1","ヒノアラシ",""
"1-n155-2","2","Cyndaquil",""
"1-n156-1","1","マグマラシ",""
"1-n156-2","2","Quilava",""
"1-n157-1","1","バクフーン",""
"1-n157-2","2","Typhlosion",""
"1-n158-1","1","ワニノコ",""
"1-n158-2","2","Totodile",""
"1-n159-1","1","アリゲイツ",""
"1-n159-2","2","Croconaw",""
"1-n160-1","1","オーダイル",""
"1-n160-2","2","Feraligatr",""
"1-n161-1","1","オタチ",""
"1-n161-2","2","Sentret",""
"1-n162-1","1","オオタチ",""
"1-n162-2","2","Furret",""
"1-n163-1","1","ホーホー",""
"1-n163-2","2","Hoothoot",""
"1-n164-1","1","ヨルノズク",""
"1-n164-2","2","Noctowl",""
"1-n165-1","1","レディバ",""
"1-n165-2","2","Ledyba",""
"1-n166-1","1","レディアン",""
"1-n166-2","2","Ledian",""
"1-n167-1","1","イトマル",""
"1-n167-2","2","Spinarak",""
"1-n168-1","1","アリアドス",""
"1-n168-2","2","Ariados",""
"1-n169-1","1","クロバット",""
"1-n169-2","2","Crobat",""
"1-n170-1","1","チョンチー",""
"1-n170-2","2","Chinchou",""
"1-n171-1","1","ランターン",""
"1-n171-2","2","Lanturn",""
"1-n172-1","1","ピチュー",""
"1-n172-2","2","Pichu",""
"1-n173-1","1","ピィ",""
"1-n173-2","2","Cleffa",""
"1-n174-1","1","ププリン",""
"1-n174-2","2","Igglybuff",""
"1-n175-1","1","トゲピー",""
"1-n175-2","2","Togepi",""
"1-n176-1","1","トゲチック",""
"1-n176-2","2","Togetic",""
"1-n177-1","1","ネイティ",""
"1-n177-2","2","Natu",""
"1-n178-1","1","ネイティオ",""
"1-n178-2","2","Xatu",""
"1-n179-1","1","メリープ",""
"1-n179-2","2","Mareep",""
"1-n180-1","1","モココ",""
"1-n180-2","2","Flaaffy",""
"1-n181-1","1","デンリュウ",""
"1-n181-2","2","Ampharos",""
"1-n181m-1","1","メガデンリュウ","メガデンリュウ"
"1-n181m-2","2","Ampharos","メガデンリュウ"
"1-n182-1","1","キレイハナ",""
"1-n182-2","2","Bellossom",""
"1-n183-1","1","マリル",""
"1-n183-2","2","Marill",""
"1-n184-1","1","マリルリ",""
"1-n184-2","2","Azumarill",""
"1-n185-1","1","ウソッキー",""
"1-n185-2","2","Sudowoodo",""
"1-n186-1","1","ニョロトノ",""
"1-n186-2","2","Politoed",""
"1-n187-1","1","ハネッコ",""
"1-n187-2","2","Hoppip",""
"1-n188-1","1","ポポッコ",""
"1-n188-2","2","Skiploom",""
"1-n189-1","1","ワタッコ",""
"1-n189-2","2","Jumpluff",""
"1-n190-1","1","エイパム",""
"1-n190-2","2","Aipom",""
"1-n191-1","1","ヒマナッツ",""
"1-n191-2","2","Sunkern",""
"1-n192-1","1","キマワリ",""
"1-n192-2","2","Sunflora",""
"1-n193-1","1","ヤンヤンマ",""
"1-n193-2","2","Yanma",""
"1-n194-1","1","ウパー",""
"1-n194-2","2","Wooper",""
"1-n195-1","1","ヌオー",""
"1-n195-2","2","Quagsire",""
"1-n196-1","1","エーフィ",""
"1-n196-2","2","Espeon",""
"1-n197-1","1","ブラッキー",""
"1-n197-2","2","Umbreon",""
"1-n198-1","1","ヤミカラス",""
"1-n198-2","2","Murkrow",""
"1-n199-1","1","ヤドキング",""
"1-n199-2","2","Slowking",""
"1-n200-1","1","ムウマ",""
"1-n200-2","2","Misdreavus",""
"1-n201-1","1","アンノーン",""
"1-n201-2","2","Unown",""
"1-n202-1","1","ソーナンス",""
"1-n202-2","2","Wobbuffet",""
"1-n203-1","1","キリンリキ",""
"1-n203-2","2","Girafarig",""
"1-n204-1","1","クヌギダマ",""
"1-n204-2","2","Pineco",""
"1-n205-1","1","フォレトス",""
"1-n205-2","2","Forretress",""
"1-n206-1","1","ノコッチ",""
"1-n206-2","2","Dunsparce",""
"1-n207-1","1","グライガー",""
"1-n207-2","2","Gligar",""
"1-n208-1","1","ハガネール",""
"1-n208-2","2","Steelix",""
"1-n208m-1","1","メガハガネール","メガハガネール"
"1-n208m-2","2","Steelix","メガハガネール"
"1-n209-1","1","ブルー",""
"1-n209-2","2","Snubbull",""
"1-n210-1","1","グランブル",""
"1-n210-2","2","Granbull",""
"1-n211-1","1","ハリーセン",""
"1-n211-2","2","Qwilfish",""
"1-n212-1","1","ハッサム",""
"1-n212-2","2","Scizor",""
"1-n212m-1","1","メガハッサム","メガハッサム"
"1-n212m-2","2","Scizor","メガハッサム"
"1-n213-1","1","ツボツボ",""
"1-n213-2","2","Shuckle",""
"1-n214-1","1","ヘラクロス",""
"1-n214-2","2","Heracross",""
"1-n214m-1","1","メガヘラクロス","メガヘラクロス"
"1-n214m-2","2","Heracross","メガヘラクロス"
"1-n215-1","1","ニューラ",""
"1-n215-2","2","Sneasel",""
"1-n216-1","1","ヒメグマ",""
"1-n216-2","2","Teddiursa",""
"1-n217-1","1","リングマ",""
"1-n217-2","2","Ursaring",""
"1-n218-1","1","マグマッグ",""
"1-n218-2","2","Slugma",""
"1-n219-1","1","マグカルゴ",""
"1-n219-2","2","Magcargo",""
"1-n220-1","1","ウリムー",""
"1-n220-2","2","Swinub",""
"1-n221-1","1","イノムー",""
"1-n221-2","2","Piloswine",""
"1-n222-1","1","サニーゴ",""
"1-n222-2","2","Corsola",""
"1-n223-1","1","テッポウオ",""
"1-n223-2","2","Remoraid",""
"1-n224-1","1","オクタン",""
"1-n224-2","2","Octillery",""
"1-n225-1","1","デリバード",""
"1-n225-2","2","Delibird",""
"1-n226-1","1","マンタイン",""
"1-n226-2","2","Mantine",""
"1-n227-1","1","エアームド",""
"1-n227-2","2","Skarmory",""
"1-n228-1","1","デルビル",""
"1-n228-2","2","Houndour",""
"1-n229-1","1","ヘルガー",""
"1-n229-2","2","Houndoom",""
"1-n229m-1","1","メガヘルガー","メガヘルガー"
"1-n229m-2","2","Houndoom","メガヘルガー"
"1-n230-1","1","キングドラ",""
"1-n230-2","2","Kingdra",""
"1-n231-1","1","ゴマゾウ",""
"1-n231-2","2","Phanpy",""
"1-n232-1","1","ドンファン",""
"1-n232-2","2","Donphan",""
"1-n233-1","1","ポリゴン2",""
"1-n233-2","2","Porygon2",""
"1-n234-1","1","オドシシ",""
"1-n234-2","2","Stantler",""
"1-n235-1","1","ドーブル",""
"1-n235-2","2","Smeargle",""
"1-n236-1","1","バルキー",""
"1-n236-2","2","Tyrogue",""
"1-n237-1","1","カポエラー",""
"1-n237-2","2","Hitmontop",""
"1-n238-1","1","ムチュール",""
"1-n238-2","2","Smoochum",""
"1-n239-1","1","エレキッド",""
"1-n239-2","2","Elekid",""
"1-n240-1","1","ブビィ",""
"1-n240-2","2","Magby",""
"1-n241-1","1","ミルタンク",""
"1-n241-2","2","Miltank",""
"1-n242-1","1","ハピナス",""
"1-n242-2","2","Blissey",""
"1-n243-1","1","ライコウ",""
"1-n243-2","2","Raikou",""
"1-n244-1","1","エンテイ",""
"1-n244-2","2","Entei",""
"1-n245-1","1","スイクン",""
"1-n245-2","2","Suicune",""
"1-n246-1","1","ヨーギラス",""
"1-n246-2","2","Larvitar",""
"1-n247-1","1","サナギラス",""
"1-n247-2","2","Pupitar",""
"1-n248-1","1","バンギラス",""
"1-n248-2","2","Tyranitar",""
"1-n248m-1","1","メガバンギラス","メガバンギラス"
"1-n248m-2","2","Tyranitar","メガバンギラス"
"1-n249-1","1","ルギア",""
"1-n249-2","2","Lugia",""
"1-n250-1","1","ホウオウ",""
"1-n250-2","2","Ho-Oh",""
"1-n251-1","1","セレビィ",""
"1-n251-2","2","Celebi",""
"1-n252-1","1","キモリ",""
"1-n252-2","2","Treecko",""
"1-n253-1","1","ジュプトル",""
"1-n253-2","2","Grovyle",""
"1-n254-1","1","ジュカイン",""
"1-n254-2","2","Sceptile",""
"1-n254m-1","1","メガジュカイン","メガジュカイン"
"1-n254m-2","2","Sceptile","メガジュカイン"
"1-n255-1","1","アチャモ",""
"1-n255-2","2","Torchic",""
"1-n256-1","1","ワカシャモ",""
"1-n256-2","2","Combusken",""
"1-n257-1","1","バシャーモ",""
"1-n257-2","2","Blaziken",""
"1-n257m-1","1","メガバシャーモ","メガバシャーモ"
"1-n257m-2","2","Blaziken","メガバシャーモ"
"1-n258-1","1","ミズゴロウ",""
"1-n258-2","2","Mudkip",""
"1-n259-1","1","ヌマクロー",""
"1-n259-2","2","Marshtomp",""
"1-n260-1","1","ラグラージ",""
"1-n260-2","2","Swampert",""
"1-n260m-1","1","メガラグラージ","メガラグラージ"
"1-n260m-2","2","Swampert","メガラグラージ"
"1-n261-1","1","ポチエナ",""
"1-n261-2","2","Poochyena",""
"1-n262-1","1","グラエナ",""
"1-n262-2","2","Mightyena",""
"1-n263-1","1","ジグザグマ",""
"1-n263-2","2","Zigzagoon",""
"1-n264-1","1","マッスグマ",""
"1-n264-2","2","Linoone",""
"1-n265-1","1","ケムッソ",""
"1-n265-2","2","Wurmple",""
"1-n266-1","1","カラサリス",""
"1-n266-2","2","Silcoon",""
"1-n267-1","1","アゲハント",""
"1-n267-2","2","Beautifly",""
"1-n268-1","1","マユルド",""
"1-n268-2","2","Cascoon",""
"1-n269-1","1","ドクケイル",""
"1-n269-2","2","Dustox",""
"1-n270-1","1","ハスボー",""
"1-n270-2","2","Lotad",""
"1-n271-1","1","ハスブレロ",""
"1-n271-2","2","Lombre",""
"1-n272-1","1","ルンパッパ",""
"1-n272-2","2","Ludicolo",""
"1-n273-1","1","タネボー",""
"1-n273-2","2","Seedot",""
"1-n274-1","1","コノハナ",""
"1-n274-2","2","Nuzleaf",""
"1-n275-1","1","ダーテング",""
"1-n275-2","2","Shiftry",""
"1-n276-1","1","スバメ",""
"1-n276-2","2","Taillow",""
"1-n277-1","1","オオスバメ",""
"1-n277-2","2","Swellow",""
"1-n278-1","1","キャモメ",""
"1-n278-2","2","Wingull",""
"1-n279-1","1","ペリッパー",""
"1-n279-2","2","Pelipper",""
"1-n280-1","1","ラルトス",""
"1-n280-2","2","Ralts",""
"1-n281-1","1","キルリア",""
"1-n281-2","2","Kirlia",""
"1-n282-1","1","サーナイト",""
"1-n282-2","2","Gardevoir",""
"1-n282m-1","1","メガサーナイト","メガサーナイト"
"1-n282m-2","2","Gardevoir","メガサーナイト"
"1-n283-1","1","アメタマ",""
"1-n283-2","2","Surskit",""
"1-n284-1","1","アメモース",""
"1-n284-2","2","Masquerain",""
"1-n285-1","1","キノココ",""
"1-n285-2","2","Shroomish",""
"1-n286-1","1","キノガッサ",""
"1-n286-2","2","Breloom",""
"1-n287-1","1","ナマケロ",""
"1-n287-2","2","Slakoth",""
"1-n288-1","1","ヤルキモノ",""
"1-n288-2","2","Vigoroth",""
"1-n289-1","1","ケッキング",""
"1-n289-2","2","Slaking",""
"1-n290-1","1","ツチニン",""
"1-n290-2","2","Nincada",""
"1-n291-1","1","テッカニン",""
"1-n291-2","2","Ninjask",""
"1-n292-1","1","ヌケニン",""
"1-n292-2","2","Shedinja",""
"1-n293-1","1","ゴニョニョ",""
"1-n293-2","2","Whismur",""
"1-n294-1","1","ドゴーム",""
"1-n294-2","2","Loudred",""
"1-n295-1","1","バクオング",""
"1-n295-2","2","Exploud",""
"1-n296-1","1","マクノシタ",""
"1-n296-2","2","Makuhita",""
"1-n297-1","1","ハリテヤマ",""
"1-n297-2","2","Hariyama",""
"1-n298-1","1","ルリリ",""
"1-n298-2","2","Azurill",""
"1-n299-1","1","ノズパス",""
"1-n299-2","2","Nosepass",""
"1-n300-1","1","エネコ",""
"1-n300-2","2","Skitty",""
"1-n301-1","1","エネコロロ",""
"1-n301-2","2","Delcatty",""
"1-n302-1","1","ヤミラミ",""
"1-n302-2","2","Sableye",""
"1-n302m-1","1","メガヤミラミ","メガヤミラミ"
"1-n302m-2","2","Sableye","メガヤミラミ"
"1-n303-1","1","クチート",""
"1-n303-2","2","Mawile",""
"1-n303m-1","1","メガクチート","メガクチート"
"1-n303m-2","2","Mawile","メガクチート"
"1-n304-1","1","ココドラ",""
"1-n304-2","2","Aron",""
"1-n305-1","1","コドラ",""
"1-n305-2","2","Lairon",""
"1-n306-1","1","ボスゴドラ",""
"1-n306-2","2","Aggron",""
"1-n306m-1","1","メガボスゴドラ","メガボスゴドラ"
"1-n306m-2","2","Aggron","メガボスゴドラ"
"1-n307-1","1","アサナン",""
"1-n307-2","2","Meditite",""
"1-n308-1","1","チャーレム",""
"1-n308-2","2","Medicham",""
"1-n308m-1","1","メガチャーレム","メガチャーレム"
"1-n308m-2","2","Medicham","メガチャーレム"
"1-n309-1","1","ラクライ",""
"1-n309-2","2","Electrike",""
"1-n310-1","1","ライボルト",""
"1-n310-2","2","Manectric",""
"1-n310m-1","1","メガライボルト","メガライボルト"
"1-n310m-2","2","Manectric","メガライボルト"
"1-n311-1","1","プラスル",""
"1-n311-2","2","Plusle",""
"1-n312-1","1","マイナン",""
"1-n312-2","2","Minun",""
"1-n313-1","1","バルビート",""
"1-n313-2","2","Volbeat",""
"1-n314-1","1","イルミーゼ",""
"1-n314-2","2","Illumise",""
"1-n315-1","1","ロゼリア",""
"1-n315-2","2","Roselia",""
"1-n316-1","1","ゴクリン",""
"1-n316-2","2","Gulpin",""
"1-n317-1","1","マルノーム",""
"1-n317-2","2","Swalot",""
"1-n318-1","1","キバニア",""
"1-n318-2","2","Carvanha",""
"1-n319-1","1","サメハダー",""
"1-n319-2","2","Sharpedo",""
"1-n319m-1","1","メガサメハダー","メガサメハダー"
"1-n319m-2","2","Sharpedo","メガサメハダー"
"1-n320-1","1","ホエルコ",""
"1-n320-2","2","Wailmer",""
"1-n321-1","1","ホエルオー",""
"1-n321-2","2","Wailord",""
"1-n322-1","1","ドンメル",""
"1-n322-2","2","Numel",""
"1-n323-1","1","バクーダ",""
"1-n323-2","2","Camerupt",""
"1-n323m-1","1","メガバクーダ","メガバクーダ"
"1-n323m-2","2","Camerupt","メガバクーダ"
"1-n324-1","1","コータス",""
"1-n324-2","2","Torkoal",""
"1-n325-1","1","バネブー",""
"1-n325-2","2","Spoink",""
"1-n326-1","1","ブーピッグ",""
"1-n326-2","2","Grumpig",""
"1-n327-1","1","パッチール",""
"1-n327-2","2","Spinda",""
"1-n328-1","1","ナックラー",""
"1-n328-2","2","Trapinch",""
"1-n329-1","1","ビブラーバ",""
"1-n329-2","2","Vibrava",""
"1-n330-1","1","フライゴン",""
"1-n330-2","2","Flygon",""
"1-n331-1","1","サボネア",""
"1-n331-2","2","Cacnea",""
"1-n332-1","1","ノクタス",""
"1-n332-2","2","Cacturne",""
"1-n333-1","1","チルット",""
"1-n333-2","2","Swablu",""
"1-n334-1","1","チルタリス",""
"1-n334-2","2","Altaria",""
"1-n334m-1","1","メガチルタリス","メガチルタリス"
"1-n334m-2","2","Altaria","メガチルタリス"
"1-n335-1","1","ザングース",""
"1-n335-2","2","Zangoose",""
"1-n336-1","1","ハブネーク",""
"1-n336-2","2","Seviper",""
"1-n337-1","1","ルナトーン",""
"1-n337-2","2","Lunatone",""
"1-n338-1","1","ソルロック",""
"1-n338-2","2","Solrock",""
"1-n339-1","1","ドジョッチ",""
"1-n339-2","2","Barboach",""
"1-n340-1","1","ナマズン",""
"1-n340-2","2","Whiscash",""
"1-n341-1","1","ヘイガニ",""
"1-n341-2","2","Corphish",""
"1-n342-1","1","シザリガー",""
"1-n342-2","2","Crawdaunt",""
"1-n343-1","1","ヤジロン",""
"1-n343-2","2","Baltoy",""
"1-n344-1","1","ネンドール",""
"1-n344-2","2","Claydol",""
"1-n345-1","1","リリーラ",""
"1-n345-2","2","Lileep",""
"1-n346-1","1","ユレイドル",""
"1-n346-2","2","Cradily",""
"1-n347-1","1","アノプス",""
"1-n347-2","2","Anorith",""
"1-n348-1","1","アーマルド",""
"1-n348-2","2","Armaldo",""
"1-n349-1","1","ヒンバス",""
"1-n349-2","2","Feebas",""
"1-n350-1","1","ミロカロス",""
"1-n350-2","2","Milotic",""
"1-n351-1","1","ポワルン",""
"1-n351-2","2","Castform",""
"1-n352-1","1","カクレオン",""
"1-n352-2","2","Kecleon",""
"1-n353-1","1","カゲボウズ",""
"1-n353-2","2","Shuppet",""
"1-n354-1","1","ジュペッタ",""
"1-n354-2","2","Banette",""
"1-n354m-1","1","メガジュペッタ","メガジュペッタ"
"1-n354m-2","2","Banette","メガジュペッタ"
"1-n355-1","1","ヨマワル",""
"1-n355-2","2","Duskull",""
"1-n356-1","1","サマヨール",""
"1-n356-2","2","Dusclops",""
"1-n357-1","1","トロピウス",""
"1-n357-2","2","Tropius",""
"1-n358-1","1","チリーン",""
"1-n358-2","2","Chimecho",""
"1-n359-1","1","アブソル",""
"1-n359-2","2","Absol",""
"1-n359m-1","1","メガアブソル","メガアブソル"
"1-n359m-2","2","Absol","メガアブソル"
"1-n360-1","1","ソーナノ",""
"1-n360-2","2","Wynaut",""
"1-n361-1","1","ユキワラシ",""
"1-n361-2","2","Snorunt",""
"1-n362-1","1","オニゴーリ",""
"1-n362-2","2","Glalie",""
"1-n362m-1","1","メガオニゴーリ","メガオニゴーリ"
"1-n362m-2","2","Glalie","メガオニゴーリ"
"1-n363-1","1","タマザラシ",""
"1-n363-2","2","Spheal",""
"1-n364-1","1","トドグラー",""
"1-n364-2","2","Sealeo",""
"1-n365-1","1","トドゼルガ",""
"1-n365-2","2","Walrein",""
"1-n366-1","1","パールル",""
"1-n366-2","2","Clamperl",""
"1-n367-1","1","ハンテール",""
"1-n367-2","2","Huntail",""
"1-n368-1","1","サクラビス",""
"1-n368-2","2","Gorebyss",""
"1-n369-1","1","ジーランス",""
"1-n369-2","2","Relicanth",""
"1-n370-1","1","ラブカス",""
"1-n370-2","2","Luvdisc",""
"1-n371-1","1","タツベイ",""
"1-n371-2","2","Bagon",""
"1-n372-1","1","コモルー",""
"1-n372-2","2","Shelgon",""
"1-n373-1","1","ボーマンダ",""
"1-n373-2","2","Salamence",""
"1-n373m-1","1","メガボーマンダ","メガボーマンダ"
"1-n373m-2","2","Salamence","メガボーマンダ"
"1-n374-1","1","ダンバル",""
"1-n374-2","2","Beldum",""
"1-n375-1","1","メタング",""
"1-n375-2","2","Metang",""
"1-n376-1","1","メタグロス",""
"1-n376-2","2","Metagross",""
"1-n376m-1","1","メガメタグロス","メガメタグロス"
"1-n376m-2","2","Metagross","メガメタグロス"
"1-n377-1","1","レジロック",""
"1-n377-2","2","Regirock",""
"1-n378-1","1","レジアイス",""
"1-n378-2","2","Regice",""
"1-n379-1","1","レジスチル",""
"1-n379-2","2","Registeel",""
"1-n380-1","1","ラティアス",""
"1-n380-2","2","Latias",""
"1-n380m-1","1","メガラティアス","メガラティアス"
"1-n380m-2","2","Latias","メガラティアス"
"1-n381-1","1","ラティオス",""
"1-n381-2","2","Latios",""
"1-n381m-1","1","メガラティオス","メガラティオス"
"1-n381m-2","2","Latios","メガラティオス"
"1-n382-1","1","カイオーガ",""
"1-n382-2","2","Kyogre",""
"1-n382p-1","1","ゲンシカイオーガ","ゲンシカイオーガ"
"1-n382p-2","2","Kyogre","ゲンシカイオーガ"
"1-n383-1","1","グラードン",""
"1-n383-2","2","Groudon",""
"1-n383p-1","1","ゲンシグラードン","ゲンシグラードン"
"1-n383p-2","2","Groudon","ゲンシグラードン"
"1-n384-1","1","レックウザ",""
"1-n384-2","2","Rayquaza",""
"1-n384m-1","1","メガレックウザ","メガレックウザ"
"1-n384m-2","2","Rayquaza","メガレックウザ"
"1-n385-1","1","ジラーチ",""
"1-n385-2","2","Jirachi",""
"1-n386-1","1","デオキシス",""
"1-n386-2","2","Deoxys",""
"1-n386a-1","1","デオキシス","アタックフォルム"
"1-n386a-2","2","Deoxys","アタックフォルム"
"1-n386d-1","1","デオキシス","ディフェンスフォルム"
"1-n386d-2","2","Deoxys","ディフェンスフォルム"
"1-n386s-1","1","デオキシス","スピードフォルム"
"1-n386s-2","2","Deoxys","スピードフォルム"
"1-n387-1","1","ナエトル",""
"1-n387-2","2","Turtwig",""
"1-n388-1","1","ハヤシガメ",""
"1-n388-2","2","Grotle",""
"1-n389-1","1","ドダイトス",""
"1-n389-2","2","Torterra",""
"1-n390-1","1","ヒコザル",""
"1-n390-2","2","Chimchar",""
"1-n391-1","1","モウカザル",""
"1-n391-2","2","Monferno",""
"1-n392-1","1","ゴウカザル",""
"1-n392-2","2","Infernape",""
"1-n393-1","1","ポッチャマ",""
"1-n393-2","2","Piplup",""
"1-n394-1","1","ポッタイシ",""
"1-n394-2","2","Prinplup",""
"1-n395-1","1","エンペルト",""
"1-n395-2","2","Empoleon",""
"1-n396-1","1","ムックル",""
"1-n396-2","2","Starly",""
"1-n397-1","1","ムクバード",""
"1-n397-2","2","Staravia",""
"1-n398-1","1","ムクホーク",""
"1-n398-2","2","Staraptor",""
"1-n399-1","1","ビッパ",""
"1-n399-2","2","Bidoof",""
"1-n400-1","1","ビーダル",""
"1-n400-2","2","Bibarel",""
"1-n401-1","1","コロボーシ",""
"1-n401-2","2","Kricketot",""
"1-n402-1","1","コロトック",""
"1-n402-2","2","Kricketune",""
"1-n403-1","1","コリンク",""
"1-n403-2","2","Shinx",""
"1-n404-1","1","ルクシオ",""
"1-n404-2","2","Luxio",""
"1-n405-1","1","レントラー",""
"1-n405-2","2","Luxray",""
"1-n406-1","1","スボミー",""
"1-n406-2","2","Budew",""
"1-n407-1","1","ロズレイド",""
"1-n407-2","2","Roserade",""
"1-n408-1","1","ズガイドス",""
"1-n408-2","2","Cranidos",""
"1-n409-1","1","ラムパルド",""
"1-n409-2","2","Rampardos",""
"1-n410-1","1","タテトプス",""
"1-n410-2","2","Shieldon",""
"1-n411-1","1","トリデプス",""
"1-n411-2","2","Bastiodon",""
"1-n412-1","1","ミノムッチ",""
"1-n412-2","2","Burmy",""
"1-n413-1","1","ミノマダム",""
"1-n413-2","2","Wormadam",""
"1-n413s-1","1","ミノマダム","すなちのミノ"
"1-n413s-2","2","Wormadam","すなちのミノ"
"1-n413d-1","1","ミノマダム","ゴミのミノ"
"1-n413d-2","2","Wormadam","ゴミのミノ"
"1-n414-1","1","ガーメイル",""
"1-n414-2","2","Mothim",""
"1-n415-1","1","ミツハニー",""
"1-n415-2","2","Combee",""
"1-n416-1","1","ビークイン",""
"1-n416-2","2","Vespiquen",""
"1-n417-1","1","パチリス",""
"1-n417-2","2","Pachirisu",""
"1-n418-1","1","ブイゼル",""
"1-n418-2","2","Buizel",""
"1-n419-1","1","フローゼル",""
"1-n419-2","2","Floatzel",""
"1-n420-1","1","チェリンボ",""
"1-n420-2","2","Cherubi",""
"1-n421-1","1","チェリム",""
"1-n421-2","2","Cherrim",""
"1-n422-1","1","カラナクシ",""
"1-n422-2","2","Shellos",""
"1-n423-1","1","トリトドン",""
"1-n423-2","2","Gastrodon",""
"1-n424-1","1","エテボース",""
"1-n424-2","2","Ambipom",""
"1-n425-1","1","フワンテ",""
"1-n425-2","2","Drifloon",""
"1-n426-1","1","フワライド",""
"1-n426-2","2","Drifblim",""
"1-n427-1","1","ミミロル",""
"1-n427-2","2","Buneary",""
"1-n428-1","1","ミミロップ",""
"1-n428-2","2","Lopunny",""
"1-n428m-1","1","メガミミロップ","メガミミロップ"
"1-n428m-2","2","Lopunny","メガミミロップ"
"1-n429-1","1","ムウマージ",""
"1-n429-2","2","Mismagius",""
"1-n430-1","1","ドンカラス",""
"1-n430-2","2","Honchkrow",""
"1-n431-1","1","ニャルマー",""
"1-n431-2","2","Glameow",""
"1-n432-1","1","ブニャット",""
"1-n432-2","2","Purugly",""
"1-n433-1","1","リーシャン",""
"1-n433-2","2","Chingling",""
"1-n434-1","1","スカンプー",""
"1-n434-2","2","Stunky",""
"1-n435-1","1","スカタンク",""
"1-n435-2","2","Skuntank",""
"1-n436-1","1","ドーミラー",""
"1-n436-2","2","Bronzor",""
"1-n437-1","1","ドータクン",""
"1-n437-2","2","Bronzong",""
"1-n438-1","1","ウソハチ",""
"1-n438-2","2","Bonsly",""
"1-n439-1","1","マネネ",""
"1-n439-2","2","Mime Jr.",""
"1-n440-1","1","ピンプク",""
"1-n440-2","2","Happiny",""
"1-n441-1","1","ペラップ",""
"1-n441-2","2","Chatot",""
"1-n442-1","1","ミカルゲ",""
"1-n442-2","2","Spiritomb",""
"1-n443-1","1","フカマル",""
"1-n443-2","2","Gible",""
"1-n444-1","1","ガバイト",""
"1-n444-2","2","Gabite",""
"1-n445-1","1","ガブリアス",""
"1-n445-2","2","Garchomp",""
"1-n445m-1","1","メガガブリアス","メガガブリアス"
"1-n445m-2","2","Garchomp","メガガブリアス"
"1-n446-1","1","ゴンベ",""
"1-n446-2","2","Munchlax",""
"1-n447-1","1","リオル",""
"1-n447-2","2","Riolu",""
"1-n448-1","1","ルカリオ",""
"1-n448-2","2","Lucario",""
"1-n448m-1","1","メガルカリオ","メガルカリオ"
"1-n448m-2","2","Lucario","メガルカリオ"
"1-n449-1","1","ヒポポタス",""
"1-n449-2","2","Hippopotas",""
"1-n450-1","1","カバルドン",""
"1-n450-2","2","Hippowdon",""
"1-n451-1","1","スコルピ",""
"1-n451-2","2","Skorupi",""
"1-n452-1","1","ドラピオン",""
"1-n452-2","2","Drapion",""
"1-n453-1","1","グレッグル",""
"1-n453-2","2","Croagunk",""
"1-n454-1","1","ドクロッグ",""
"1-n454-2","2","Toxicroak",""
"1-n455-1","1","マスキッパ",""
"1-n455-2","2","Carnivine",""
"1-n456-1","1","ケイコウオ",""
"1-n456-2","2","Finneon",""
"1-n457-1","1","ネオラント",""
"1-n457-2","2","Lumineon",""
"1-n458-1","1","タマンタ",""
"1-n458-2","2","Mantyke",""
"1-n459-1","1","ユキカブリ",""
"1-n459-2","2","Snover",""
"1-n460-1","1","ユキノオー",""
"1-n460-2","2","Abomasnow",""
"1-n460m-1","1","メガユキノオー","メガユキノオー"
"1-n460m-2","2","Abomasnow","メガユキノオー"
"1-n461-1","1","マニューラ",""
"1-n461-2","2","Weavile",""
"1-n462-1","1","ジバコイル",""
"1-n462-2","2","Magnezone",""
"1-n463-1","1","ベロベルト",""
"1-n463-2","2","Lickilicky",""
"1-n464-1","1","ドサイドン",""
"1-n464-2","2","Rhyperior",""
"1-n465-1","1","モジャンボ",""
"1-n465-2","2","Tangrowth",""
"1-n466-1","1","エレキブル",""
"1-n466-2","2","Electivire",""
"1-n467-1","1","ブーバーン",""
"1-n467-2","2","Magmortar",""
"1-n468-1","1","トゲキッス",""
"1-n468-2","2","Togekiss",""
"1-n469-1","1","メガヤンマ",""
"1-n469-2","2","Yanmega",""
"1-n470-1","1","リーフィア",""
"1-n470-2","2","Leafeon",""
"1-n471-1","1","グレイシア",""
"1-n471-2","2","Glaceon",""
"1-n472-1","1","グライオン",""
"1-n472-2","2","Gliscor",""
"1-n473-1","1","マンムー",""
"1-n473-2","2","Mamoswine",""
"1-n474-1","1","ポリゴンZ",""
"1-n474-2","2","Porygon-Z",""
"1-n475-1","1","エルレイド",""
"1-n475-2","2","Gallade",""
"1-n475m-1","1","メガエルレイド","メガエルレイド"
"1-n475m-2","2","Gallade","メガエルレイド"
"1-n476-1","1","ダイノーズ",""
"1-n476-2","2","Probopass",""
"1-n477-1","1","ヨノワール",""
"1-n477-2","2","Dusknoir",""
"1-n478-1","1","ユキメノコ",""
"1-n478-2","2","Froslass",""
"1-n479-1","1","ロトム",""
"1-n479-2","2","Rotom",""
"1-n479h-1","1","ロトム","ヒート"
"1-n479h-2","2","Rotom","ヒート"
"1-n479w-1","1","ロトム","ウォッシュ"
"1-n479w-2","2","Rotom","ウォッシュ"
"1-n479f-1","1","ロトム","フロスト"
"1-n479f-2","2","Rotom","フロスト"
"1-n479s-1","1","ロトム","スピン"
"1-n479s-2","2","Rotom","スピン"
"1-n479c-1","1","ロトム","カット"
"1-n479c-2","2","Rotom","カット"
"1-n480-1","1","ユクシー",""
"1-n480-2","2","Uxie",""
"1-n481-1","1","エムリット",""
"1-n481-2","2","Mesprit",""
"1-n482-1","1","アグノム",""
"1-n482-2","2","Azelf",""
"1-n483-1","1","ディアルガ",""
"1-n483-2","2","Dialga",""
"1-n484-1","1","パルキア",""
"1-n484-2","2","Palkia",""
"1-n485-1","1","ヒードラン",""
"1-n485-2","2","Heatran",""
"1-n486-1","1","レジギガス",""
"1-n486-2","2","Regigigas",""
"1-n487-1","1","ギラティナ",""
"1-n487-2","2","Giratina",""
"1-n487o-1","1","ギラティナ","オリジンフォルム"
"1-n487o-2","2","Giratina","オリジンフォルム"
"1-n488-1","1","クレセリア",""
"1-n488-2","2","Cresselia",""
"1-n489-1","1","フィオネ",""
"1-n489-2","2","Phione",""
"1-n490-1","1","マナフィ",""
"1-n490-2","2","Manaphy",""
"1-n491-1","1","ダークライ",""
"1-n491-2","2","Darkrai",""
"1-n492-1","1","シェイミ",""
"1-n492-2","2","Shaymin",""
"1-n492s-1","1","シェイミ","スカイフォルム"
"1-n492s-2","2","Shaymin","スカイフォルム"
"1-n493-1","1","アルセウス",""
"1-n493-2","2","Arceus",""
"1-n494-1","1","ビクティニ",""
"1-n494-2","2","Victini",""
"1-n495-1","1","ツタージャ",""
"1-n495-2","2","Snivy",""
"1-n496-1","1","ジャノビー",""
"1-n496-2","2","Servine",""
"1-n497-1","1","ジャローダ",""
"1-n497-2","2","Serperior",""
"1-n498-1","1","ポカブ",""
"1-n498-2","2","Tepig",""
"1-n499-1","1","チャオブー",""
"1-n499-2","2","Pignite",""
"1-n500-1","1","エンブオー",""
"1-n500-2","2","Emboar",""
"1-n501-1","1","ミジュマル",""
"1-n501-2","2","Oshawott",""
"1-n502-1","1","フタチマル",""
"1-n502-2","2","Dewott",""
"1-n503-1","1","ダイケンキ",""
"1-n503-2","2","Samurott",""
"1-n504-1","1","ミネズミ",""
"1-n504-2","2","Patrat",""
"1-n505-1","1","ミルホッグ",""
"1-n505-2","2","Watchog",""
"1-n506-1","1","ヨーテリー",""
"1-n506-2","2","Lillipup",""
"1-n507-1","1","ハーデリア",""
"1-n507-2","2","Herdier",""
"1-n508-1","1","ムーランド",""
"1-n508-2","2","Stoutland",""
"1-n509-1","1","チョロネコ",""
"1-n509-2","2","Purrloin",""
"1-n510-1","1","レパルダス",""
"1-n510-2","2","Liepard",""
"1-n511-1","1","ヤナップ",""
"1-n511-2","2","Pansage",""
"1-n512-1","1","ヤナッキー",""
"1-n512-2","2","Simisage",""
"1-n513-1","1","バオップ",""
"1-n513-2","2","Pansear",""
"1-n514-1","1","バオッキー",""
"1-n514-2","2","Simisear",""
"1-n515-1","1","ヒヤップ",""
"1-n515-2","2","Panpour",""
"1-n516-1","1","ヒヤッキー",""
"1-n516-2","2","Simipour",""
"1-n517-1","1","ムンナ",""
"1-n517-2","2","Munna",""
"1-n518-1","1","ムシャーナ",""
"1-n518-2","2","Musharna",""
"1-n519-1","1","マメパト",""
"1-n519-2","2","Pidove",""
"1-n520-1","1","ハトーボー",""
"1-n520-2","2","Tranquill",""
"1-n521-1","1","ケンホロウ",""
"1-n521-2","2","Unfezant",""
"1-n522-1","1","シママ",""
"1-n522-2","2","Blitzle",""
"1-n523-1","1","ゼブライカ",""
"1-n523-2","2","Zebstrika",""
"1-n524-1","1","ダンゴロ",""
"1-n524-2","2","Roggenrola",""
"1-n525-1","1","ガントル",""
"1-n525-2","2","Boldore",""
"1-n526-1","1","ギガイアス",""
"1-n526-2","2","Gigalith",""
"1-n527-1","1","コロモリ",""
"1-n527-2","2","Woobat",""
"1-n528-1","1","ココロモリ",""
"1-n528-2","2","Swoobat",""
"1-n529-1","1","モグリュー",""
"1-n529-2","2","Drilbur",""
"1-n530-1","1","ドリュウズ",""
"1-n530-2","2","Excadrill",""
"1-n531-1","1","タブンネ",""
"1-n531-2","2","Audino",""
"1-n531m-1","1","メガタブンネ","メガタブンネ"
"1-n531m-2","2","Audino","メガタブンネ"
"1-n532-1","1","ドッコラー",""
"1-n532-2","2","Timburr",""
"1-n533-1","1","ドテッコツ",""
"1-n533-2","2","Gurdurr",""
"1-n534-1","1","ローブシン",""
"1-n534-2","2","Conkeldurr",""
"1-n535-1","1","オタマロ",""
"1-n535-2","2","Tympole",""
"1-n536-1","1","ガマガル",""
"1-n536-2","2","Palpitoad",""
"1-n537-1","1","ガマゲロゲ",""
"1-n537-2","2","Seismitoad",""
"1-n538-1","1","ナゲキ",""
"1-n538-2","2","Throh",""
"1-n539-1","1","ダゲキ",""
"1-n539-2","2","Sawk",""
"1-n540-1","1","クルミル",""
"1-n540-2","2","Sewaddle",""
"1-n541-1","1","クルマユ",""
"1-n541-2","2","Swadloon",""
"1-n542-1","1","ハハコモリ",""
"1-n542-2","2","Leavanny",""
"1-n543-1","1","フシデ",""
"1-n543-2","2","Venipede",""
"1-n544-1","1","ホイーガ",""
"1-n544-2","2","Whirlipede",""
"1-n545-1","1","ペンドラー",""
"1-n545-2","2","Scolipede",""
"1-n546-1","1","モンメン",""
"1-n546-2","2","Cottonee",""
"1-n547-1","1","エルフーン",""
"1-n547-2","2","Whimsicott",""
"1-n548-1","1","チュリネ",""
"1-n548-2","2","Petilil",""
"1-n549-1","1","ドレディア",""
"1-n549-2","2","Lilligant",""
"1-n550-1","1","バスラオ",""
"1-n550-2","2","Basculin",""
"1-n550f-1","1","バスラオ","あおすじ"
"1-n550f-2","2","Basculin","あおすじ"
"1-n551-1","1","メグロコ",""
"1-n551-2","2","Sandile",""
"1-n552-1","1","ワルビル",""
"1-n552-2","2","Krokorok",""
"1-n553-1","1","ワルビアル",""
"1-n553-2","2","Krookodile",""
"1-n554-1","1","ダルマッカ",""
"1-n554-2","2","Darumaka",""
"1-n555-1","1","ヒヒダルマ",""
"1-n555-2","2","Darmanitan",""
"1-n555f-1","1","ヒヒダルマ","ダルマモード"
"1-n555f-2","2","Darmanitan","ダルマモード"
"1-n556-1","1","マラカッチ",""
"1-n556-2","2","Maractus",""
"1-n557-1","1","イシズマイ",""
"1-n557-2","2","Dwebble",""
"1-n558-1","1","イワパレス",""
"1-n558-2","2","Crustle",""
"1-n559-1","1","ズルッグ",""
"1-n559-2","2","Scraggy",""
"1-n560-1","1","ズルズキン",""
"1-n560-2","2","Scrafty",""
"1-n561-1","1","シンボラー",""
"1-n561-2","2","Sigilyph",""
"1-n562-1","1","デスマス",""
"1-n562-2","2","Yamask",""
"1-n563-1","1","デスカーン",""
"1-n563-2","2","Cofagrigus",""
"1-n564-1","1","プロトーガ",""
"1-n564-2","2","Tirtouga",""
"1-n565-1","1","アバゴーラ",""
"1-n565-2","2","Carracosta",""
"1-n566-1","1","アーケン",""
"1-n566-2","2","Archen",""
"1-n567-1","1","アーケオス",""
"1-n567-2","2","Archeops",""
"1-n568-1","1","ヤブクロン",""
"1-n568-2","2","Trubbish",""
"1-n569-1","1","ダストダス",""
"1-n569-2","2","Garbodor",""
"1-n570-1","1","ゾロア",""
"1-n570-2","2","Zorua",""
"1-n571-1","1","ゾロアーク",""
"1-n571-2","2","Zoroark",""
"1-n572-1","1","チラーミィ",""
"1-n572-2","2","Minccino",""
"1-n573-1","1","チラチーノ",""
"1-n573-2","2","Cinccino",""
"1-n574-1","1","ゴチム",""
"1-n574-2","2","Gothita",""
"1-n575-1","1","ゴチミル",""
"1-n575-2","2","Gothorita",""
"1-n576-1","1","ゴチルゼル",""
"1-n576-2","2","Gothitelle",""
"1-n577-1","1","ユニラン",""
"1-n577-2","2","Solosis",""
"1-n578-1","1","ダブラン",""
"1-n578-2","2","Duosion",""
"1-n579-1","1","ランクルス",""
"1-n579-2","2","Reuniclus",""
"1-n580-1","1","コアルヒー",""
"1-n580-2","2","Ducklett",""
"1-n581-1","1","スワンナ",""
"1-n581-2","2","Swanna",""
"1-n582-1","1","バニプッチ",""
"1-n582-2","2","Vanillite",""
"1-n583-1","1","バニリッチ",""
"1-n583-2","2","Vanillish",""
"1-n584-1","1","バイバニラ",""
"1-n584-2","2","Vanilluxe",""
"1-n585-1","1","シキジカ",""
"1-n585-2","2","Deerling",""
"1-n586-1","1","メブキジカ",""
"1-n586-2","2","Sawsbuck",""
"1-n587-1","1","エモンガ",""
"1-n587-2","2","Emolga",""
"1-n588-1","1","カブルモ",""
"1-n588-2","2","Karrablast",""
"1-n589-1","1","シュバルゴ",""
"1-n589-2","2","Escavalier",""
"1-n590-1","1","タマゲタケ",""
"1-n590-2","2","Foongus",""
"1-n591-1","1","モロバレル",""
"1-n591-2","2","Amoonguss",""
"1-n592-1","1","プルリル",""
"1-n592-2","2","Frillish",""
"1-n593-1","1","ブルンゲル",""
"1-n593-2","2","Jellicent",""
"1-n594-1","1","ママンボウ",""
"1-n594-2","2","Alomomola",""
"1-n595-1","1","バチュル",""
"1-n595-2","2","Joltik",""
"1-n596-1","1","デンチュラ",""
"1-n596-2","2","Galvantula",""
"1-n597-1","1","テッシード",""
"1-n597-2","2","Ferroseed",""
"1-n598-1","1","ナットレイ",""
"1-n598-2","2","Ferrothorn",""
"1-n599-1","1","ギアル",""
"1-n599-2","2","Klink",""
"1-n600-1","1","ギギアル",""
"1-n600-2","2","Klang",""
"1-n601-1","1","ギギギアル",""
"1-n601-2","2","Klinklang",""
"1-n602-1","1","シビシラス",""
"1-n602-2","2","Tynamo",""
"1-n603-1","1","シビビール",""
"1-n603-2","2","Eelektrik",""
"1-n604-1","1","シビルドン",""
"1-n604-2","2","Eelektross",""
"1-n605-1","1","リグレー",""
"1-n605-2","2","Elgyem",""
"1-n606-1","1","オーベム",""
"1-n606-2","2","Beheeyem",""
"1-n607-1","1","ヒトモシ",""
"1-n607-2","2","Litwick",""
"1-n608-1","1","ランプラー",""
"1-n608-2","2","Lampent",""
"1-n609-1","1","シャンデラ",""
"1-n609-2","2","Chandelure",""
"1-n610-1","1","キバゴ",""
"1-n610-2","2","Axew",""
"1-n611-1","1","オノンド",""
"1-n611-2","2","Fraxure",""
"1-n612-1","1","オノノクス",""
"1-n612-2","2","Haxorus",""
"1-n613-1","1","クマシュン",""
"1-n613-2","2","Cubchoo",""
"1-n614-1","1","ツンベアー",""
"1-n614-2","2","Beartic",""
"1-n615-1","1","フリージオ",""
"1-n615-2","2","Cryogonal",""
"1-n616-1","1","チョボマキ",""
"1-n616-2","2","Shelmet",""
"1-n617-1","1","アギルダー",""
"1-n617-2","2","Accelgor",""
"1-n618-1","1","マッギョ",""
"1-n618-2","2","Stunfisk",""
"1-n619-1","1","コジョフー",""
"1-n619-2","2","Mienfoo",""
"1-n620-1","1","コジョンド",""
"1-n620-2","2","Mienshao",""
"1-n621-1","1","クリムガン",""
"1-n621-2","2","Druddigon",""
"1-n622-1","1","ゴビット",""
"1-n622-2","2","Golett",""
"1-n623-1","1","ゴルーグ",""
"1-n623-2","2","Golurk",""
"1-n624-1","1","コマタナ",""
"1-n624-2","2","Pawniard",""
"1-n625-1","1","キリキザン",""
"1-n625-2","2","Bisharp",""
"1-n626-1","1","バッフロン",""
"1-n626-2","2","Bouffalant",""
"1-n627-1","1","ワシボン",""
"1-n627-2","2","Rufflet",""
"1-n628-1","1","ウォーグル",""
"1-n628-2","2","Braviary",""
"1-n629-1","1","バルチャイ",""
"1-n629-2","2","Vullaby",""
"1-n630-1","1","バルジーナ",""
"1-n630-2","2","Mandibuzz",""
"1-n631-1","1","クイタラン",""
"1-n631-2","2","Heatmor",""
"1-n632-1","1","アイアント",""
"1-n632-2","2","Durant",""
"1-n633-1","1","モノズ",""
"1-n633-2","2","Deino",""
"1-n634-1","1","ジヘッド",""
"1-n634-2","2","Zweilous",""
"1-n635-1","1","サザンドラ",""
"1-n635-2","2","Hydreigon",""
"1-n636-1","1","メラルバ",""
"1-n636-2","2","Larvesta",""
"1-n637-1","1","ウルガモス",""
"1-n637-2","2","Volcarona",""
"1-n638-1","1","コバルオン",""
"1-n638-2","2","Cobalion",""
"1-n639-1","1","テラキオン",""
"1-n639-2","2","Terrakion",""
"1-n640-1","1","ビリジオン",""
"1-n640-2","2","Virizion",""
"1-n641-1","1","トルネロス",""
"1-n641-2","2","Tornadus",""
"1-n641a-1","1","トルネロス","れいじゅうフォルム"
"1-n641a-2","2","Tornadus","れいじゅうフォルム"
"1-n642-1","1","ボルトロス",""
"1-n642-2","2","Thundurus",""
"1-n642a-1","1","ボルトロス","れいじゅうフォルム"
"1-n642a-2","2","Thundurus","れいじゅうフォルム"
"1-n643-1","1","レシラム",""
"1-n643-2","2","Reshiram",""
"1-n644-1","1","ゼクロム",""
"1-n644-2","2","Zekrom",""
"1-n645-1","1","ランドロス",""
"1-n645-2","2","Landorus",""
"1-n645a-1","1","ランドロス","れいじゅうフォルム"
"1-n645a-2","2","Landorus","れいじゅうフォルム"
"1-n646-1","1","キュレム",""
"1-n646-2","2","Kyurem",""
"1-n646w-1","1","キュレム","ホワイトキュレム"
"1-n646w-2","2","Kyurem","ホワイトキュレム"
"1-n646b-1","1","キュレム","ブラックキュレム"
"1-n646b-2","2","Kyurem","ブラックキュレム"
"1-n647-1","1","ケルディオ",""
"1-n647-2","2","Keldeo",""
"1-n647k-1","1","ケルディオ","かくごのすがた"
"1-n647k-2","2","Keldeo","かくごのすがた"
"1-n648-1","1","メロエッタ",""
"1-n648-2","2","Meloetta",""
"1-n648f-1","1","メロエッタ","ステップフォルム"
"1-n648f-2","2","Meloetta","ステップフォルム"
"1-n649-1","1","ゲノセクト",""
"1-n649-2","2","Genesect",""
"1-n650-1","1","ハリマロン",""
"1-n650-2","2","Chespin",""
"1-n651-1","1","ハリボーグ",""
"1-n651-2","2","Quilladin",""
"1-n652-1","1","ブリガロン",""
"1-n652-2","2","Chesnaught",""
"1-n653-1","1","フォッコ",""
"1-n653-2","2","Fennekin",""
"1-n654-1","1","テールナー",""
"1-n654-2","2","Braixen",""
"1-n655-1","1","マフォクシー",""
"1-n655-2","2","Delphox",""
"1-n656-1","1","ケロマツ",""
"1-n656-2","2","Froakie",""
"1-n657-1","1","ゲコガシラ",""
"1-n657-2","2","Frogadier",""
"1-n658-1","1","ゲッコウガ",""
"1-n658-2","2","Greninja",""
"1-n658f-1","1","ゲッコウガ","サトシゲッコウガ"
"1-n658f-2","2","Greninja","サトシゲッコウガ"
"1-n659-1","1","ホルビー",""
"1-n659-2","2","Bunnelby",""
"1-n660-1","1","ホルード",""
"1-n660-2","2","Diggersby",""
"1-n661-1","1","ヤヤコマ",""
"1-n661-2","2","Fletchling",""
"1-n662-1","1","ヒノヤコマ",""
"1-n662-2","2","Fletchinder",""
"1-n663-1","1","ファイアロー",""
"1-n663-2","2","Talonflame",""
"1-n664-1","1","コフキムシ",""
"1-n664-2","2","Scatterbug",""
"1-n665-1","1","コフーライ",""
"1-n665-2","2","Spewpa",""
"1-n666-1","1","ビビヨン",""
"1-n666-2","2","Vivillon",""
"1-n667-1","1","シシコ",""
"1-n667-2","2","Litleo",""
"1-n668-1","1","カエンジシ",""
"1-n668-2","2","Pyroar",""
"1-n669-1","1","フラベベ",""
"1-n669-2","2","Flabebe",""
"1-n670-1","1","フラエッテ",""
"1-n670-2","2","Floette",""
"1-n671-1","1","フラージェス",""
"1-n671-2","2","Florges",""
"1-n672-1","1","メェークル",""
"1-n672-2","2","Skiddo",""
"1-n673-1","1","ゴーゴート",""
"1-n673-2","2","Gogoat",""
"1-n674-1","1","ヤンチャム",""
"1-n674-2","2","Pancham",""
"1-n675-1","1","ゴロンダ",""
"1-n675-2","2","Pangoro",""
"1-n676-1","1","トリミアン",""
"1-n676-2","2","Furfrou",""
"1-n677-1","1","ニャスパー",""
"1-n677-2","2","Espurr",""
"1-n678-1","1","ニャオニクス",""
"1-n678-2","2","Meowstic",""
"1-n678f-1","1","ニャオニクス","メスの姿"
"1-n678f-2","2","Meowstic","メスの姿"
"1-n679-1","1","ヒトツキ",""
"1-n679-2","2","Honedge",""
"1-n680-1","1","ニダンギル",""
"1-n680-2","2","Doublade",""
"1-n681-1","1","ギルガルド",""
"1-n681-2","2","Aegislash",""
"1-n681b-1","1","ギルガルド","ブレードフォルム"
"1-n681b-2","2","Aegislash","ブレードフォルム"
"1-n682-1","1","シュシュプ",""
"1-n682-2","2","Spritzee",""
"1-n683-1","1","フレフワン",""
"1-n683-2","2","Aromatisse",""
"1-n684-1","1","ペロッパフ",""
"1-n684-2","2","Swirlix",""
"1-n685-1","1","ペロリーム",""
"1-n685-2","2","Slurpuff",""
"1-n686-1","1","マーイーカ",""
"1-n686-2","2","Inkay",""
"1-n687-1","1","カラマネロ",""
"1-n687-2","2","Malamar",""
"1-n688-1","1","カメテテ",""
"1-n688-2","2","Binacle",""
"1-n689-1","1","ガメノデス",""
"1-n689-2","2","Barbaracle",""
"1-n690-1","1","クズモー",""
"1-n690-2","2","Skrelp",""
"1-n691-1","1","ドラミドロ",""
"1-n691-2","2","Dragalge",""
"1-n692-1","1","ウデッポウ",""
"1-n692-2","2","Clauncher",""
"1-n693-1","1","ブロスター",""
"1-n693-2","2","Clawitzer",""
"1-n694-1","1","エリキテル",""
"1-n694-2","2","Helioptile",""
"1-n695-1","1","エレザード",""
"1-n695-2","2","Heliolisk",""
"1-n696-1","1","チゴラス",""
"1-n696-2","2","Tyrunt",""
"1-n697-1","1","ガチゴラス",""
"1-n697-2","2","Tyrantrum",""
"1-n698-1","1","アマルス",""
"1-n698-2","2","Amaura",""
"1-n699-1","1","アマルルガ",""
"1-n699-2","2","Aurorus",""
"1-n700-1","1","ニンフィア",""
"1-n700-2","2","Sylveon",""
"1-n701-1","1","ルチャブル",""
"1-n701-2","2","Hawlucha",""
"1-n702-1","1","デデンネ",""
"1-n702-2","2","Dedenne",""
"1-n703-1","1","メレシー",""
"1-n703-2","2","Carbink",""
"1-n704-1","1","ヌメラ",""
"1-n704-2","2","Goomy",""
"1-n705-1","1","ヌメイル",""
"1-n705-2","2","Sliggoo",""
"1-n706-1","1","ヌメルゴン",""
"1-n706-2","2","Goodra",""
"1-n707-1","1","クレッフィ",""
"1-n707-2","2","Klefki",""
"1-n708-1","1","ボクレー",""
"1-n708-2","2","Phantump",""
"1-n709-1","1","オーロット",""
"1-n709-2","2","Trevenant",""
"1-n710-1","1","バケッチャ",""
"1-n710-2","2","Pumpkaboo",""
"1-n710s-1","1","バケッチャ","ちいさいサイズ"
"1-n710s-2","2","Pumpkaboo","ちいさいサイズ"
"1-n710l-1","1","バケッチャ","おおきいサイズ"
"1-n710l-2","2","Pumpkaboo","おおきいサイズ"
"1-n710k-1","1","バケッチャ","とくだいサイズ"
"1-n710k-2","2","Pumpkaboo","とくだいサイズ"
"1-n711-1","1","パンプジン",""
"1-n711-2","2","Gourgeist",""
"1-n711s-1","1","パンプジン","ちいさいサイズ"
"1-n711s-2","2","Gourgeist","ちいさいサイズ"
"1-n711l-1","1","パンプジン","おおきいサイズ"
"1-n711l-2","2","Gourgeist","おおきいサイズ"
"1-n711k-1","1","パンプジン","とくだいサイズ"
"1-n711k-2","2","Gourgeist","とくだいサイズ"
"1-n712-1","1","カチコール",""
"1-n712-2","2","Bergmite",""
"1-n713-1","1","クレベース",""
"1-n713-2","2","Avalugg",""
"1-n714-1","1","オンバット",""
"1-n714-2","2","Noibat",""
"1-n715-1","1","オンバーン",""
"1-n715-2","2","Noivern",""
"1-n716-1","1","ゼルネアス",""
"1-n716-2","2","Xerneas",""
"1-n717-1","1","イベルタル",""
"1-n717-2","2","Yveltal",""
"1-n718-1","1","ジガルデ",""
"1-n718-2","2","Zygarde",""
"1-n718t-1","1","ジガルデ","10%フォルム"
"1-n718t-2","2","Zygarde","10%フォルム"
"1-n718c-1","1","ジガルデ","パーフェクトフォルム"
"1-n718c-2","2","Zygarde","パーフェクトフォルム"
"1-n719-1","1","ディアンシー",""
"1-n719-2","2","Diancie",""
"1-n719m-1","1","メガディアンシー","メガディアンシー"
"1-n719m-2","2","Diancie","メガディアンシー"
"1-n720-1","1","フーパ",""
"1-n720-2","2","Hoopa",""
"1-n720u-1","1","フーパ","ときはなたれしフーパ"
"1-n720u-2","2","Hoopa","ときはなたれしフーパ"
"1-n721-1","1","ボルケニオン",""
"1-n721-2","2","Volcanion",""
"1-n722-1","1","モクロー",""
"1-n722-2","2","Rowlet",""
"1-n723-1","1","フクスロー",""
"1-n723-2","2","Dartrix",""
"1-n724-1","1","ジュナイパー",""
"1-n724-2","2","Decidueye",""
"1-n725-1","1","ニャビー",""
"1-n725-2","2","Litten",""
"1-n726-1","1","ニャヒート",""
"1-n726-2","2","Torracat",""
"1-n727-1","1","ガオガエン",""
"1-n727-2","2","Incineroar",""
"1-n728-1","1","アシマリ",""
"1-n728-2","2","Popplio",""
"1-n729-1","1","オシャマリ",""
"1-n729-2","2","Brionne",""
"1-n730-1","1","アシレーヌ",""
"1-n730-2","2","Primarina",""
"1-n731-1","1","ツツケラ",""
"1-n731-2","2","Pikipek",""
"1-n732-1","1","ケララッパ",""
"1-n732-2","2","Trumbeak",""
"1-n733-1","1","ドデカバシ",""
"1-n733-2","2","Toucannon",""
"1-n734-1","1","ヤングース",""
"1-n734-2","2","Yungoos",""
"1-n735-1","1","デカグース",""
"1-n735-2","2","Gumshoos",""
"1-n736-1","1","アゴジムシ",""
"1-n736-2","2","Grubbin",""
"1-n737-1","1","デンヂムシ",""
"1-n737-2","2","Charjabug",""
"1-n738-1","1","クワガノン",""
"1-n738-2","2","Vikavolt",""
"1-n739-1","1","マケンカニ",""
"1-n739-2","2","Crabrawler",""
"1-n740-1","1","ケケンカニ",""
"1-n740-2","2","Crabominable",""
"1-n741-1","1","オドリドリ",""
"1-n741-2","2","Oricorio",""
"1-n741p-1","1","オドリドリ","ぱちぱち"
"1-n741p-2","2","Oricorio","ぱちぱち"
"1-n741f-1","1","オドリドリ","ふらふら"
"1-n741f-2","2","Oricorio","ふらふら"
"1-n741m-1","1","オドリドリ","まいまい"
"1-n741m-2","2","Oricorio","まいまい"
"1-n742-1","1","アブリー",""
"1-n742-2","2","Cutiefly",""
"1-n743-1","1","アブリボン",""
"1-n743-2","2","Ribombee",""
"1-n744-1","1","イワンコ",""
"1-n744-2","2","Rockruff",""
"1-n745-1","1","ルガルガン",""
"1-n745-2","2","Lycanroc",""
"1-n745f-1","1","ルガルガン","まよなかのすがた"
"1-n745f-2","2","Lycanroc","まよなかのすがた"
"1-n745d-1","1","ルガルガン","たそがれのすがた"
"1-n745d-2","2","Lycanroc","たそがれのすがた"
"1-n746-1","1","ヨワシ",""
"1-n746-2","2","Wishiwashi",""
"1-n746f-1","1","ヨワシ","むれたすがた"
"1-n746f-2","2","Wishiwashi","むれたすがた"
"1-n747-1","1","ヒドイデ",""
"1-n747-2","2","Mareanie",""
"1-n748-1","1","ドヒドイデ",""
"1-n748-2","2","Toxapex",""
"1-n749-1","1","ドロバンコ",""
"1-n749-2","2","Mudbray",""
"1-n750-1","1","バンバドロ",""
"1-n750-2","2","Mudsdale",""
"1-n751-1","1","シズクモ",""
"1-n751-2","2","Dewpider",""
"1-n752-1","1","オニシズクモ",""
"1-n752-2","2","Araquanid",""
"1-n753-1","1","カリキリ",""
"1-n753-2","2","Fomantis",""
"1-n754-1","1","ラランテス",""
"1-n754-2","2","Lurantis",""
"1-n755-1","1","ネマシュ",""
"1-n755-2","2","Morelull",""
"1-n756-1","1","マシェード",""
"1-n756-2","2","Shiinotic",""
"1-n757-1","1","ヤトウモリ",""
"1-n757-2","2","Salandit",""
"1-n758-1","1","エンニュート",""
"1-n758-2","2","Salazzle",""
"1-n759-1","1","ヌイコグマ",""
"1-n759-2","2","Stufful",""
"1-n760-1","1","キテルグマ",""
"1-n760-2","2","Bewear",""
"1-n761-1","1","アマカジ",""
"1-n761-2","2","Bounsweet",""
"1-n762-1","1","アママイコ",""
"1-n762-2","2","Steenee",""
"1-n763-1","1","アマージョ",""
"1-n763-2","2","Tsareena",""
"1-n764-1","1","キュワワー",""
"1-n764-2","2","Comfey",""
"1-n765-1","1","ヤレユータン",""
"1-n765-2","2","Oranguru",""
"1-n766-1","1","ナゲツケサル",""
"1-n766-2","2","Passimian",""
"1-n767-1","1","コソクムシ",""
"1-n767-2","2","Wimpod",""
"1-n768-1","1","グソクムシャ",""
"1-n768-2","2","Golisopod",""
"1-n769-1","1","スナバァ",""
"1-n769-2","2","Sandygast",""
"1-n770-1","1","シロデスナ",""
"1-n770-2","2","Palossand",""
"1-n771-1","1","ナマコブシ",""
"1-n771-2","2","Pyukumuku",""
"1-n772-1","1","タイプ：ヌル",""
"1-n772-2","2","Type: Null",""
"1-n773-1","1","シルヴァディ",""
"1-n773-2","2","Silvally",""
"1-n774-1","1","メテノ",""
"1-n774-2","2","Minior",""
"1-n774f-1","1","メテノ","コア"
"1-n774f-2","2","Minior","コア"
"1-n775-1","1","ネッコアラ",""
"1-n775-2","2","Komala",""
"1-n776-1","1","バクガメス",""
"1-n776-2","2","Turtonator",""
"1-n777-1","1","トゲデマル",""
"1-n777-2","2","Togedemaru",""
"1-n778-1","1","ミミッキュ",""
"1-n778-2","2","Mimikyu",""
"1-n779-1","1","ハギギシリ",""
"1-n779-2","2","Bruxish",""
"1-n780-1","1","ジジーロン",""
"1-n780-2","2","Drampa",""
"1-n781-1","1","ダダリン",""
"1-n781-2","2","Dhelmise",""
"1-n782-1","1","ジャラコ",""
"1-n782-2","2","Jangmo-o",""
"1-n783-1","1","ジャランゴ",""
"1-n783-2","2","Hakamo-o",""
"1-n784-1","1","ジャラランガ",""
"1-n784-2","2","Kommo-o",""
"1-n785-1","1","カプ・コケコ",""
"1-n785-2","2","Tapu Koko",""
"1-n786-1","1","カプ・テテフ",""
"1-n786-2","2","Tapu Lele",""
"1-n787-1","1","カプ・ブルル",""
"1-n787-2","2","Tapu Bulu",""
"1-n788-1","1","カプ・レヒレ",""
"1-n788-2","2","Tapu Fini",""
"1-n789-1","1","コスモッグ",""
"1-n789-2","2","Cosmog",""
"1-n790-1","1","コスモウム",""
"1-n790-2","2","Cosmoem",""
"1-n791-1","1","ソルガレオ",""
"1-n791-2","2","Solgaleo",""
"1-n792-1","1","ルナアーラ",""
"1-n792-2","2","Lunala",""
"1-n793-1","1","ウツロイド",""
"1-n793-2","2","Nihilego",""
"1-n794-1","1","マッシブーン",""
"1-n794-2","2","Buzzwole",""
"1-n795-1","1","フェローチェ",""
"1-n795-2","2","Pheromosa",""
"1-n796-1","1","デンジュモク",""
"1-n796-2","2","Xurkitree",""
"1-n797-1","1","テッカグヤ",""
"1-n797-2","2","Celesteela",""
"1-n798-1","1","カミツルギ",""
"1-n798-2","2","Kartana",""
"1-n799-1","1","アクジキング",""
"1-n799-2","2","Guzzlord",""
"1-n800-1","1","ネクロズマ",""
"1-n800-2","2","Necrozma",""
"1-n800s-1","1","ネクロズマ","たそがれのたてがみ(日食)"
"1-n800s-2","2","Necrozma","たそがれのたてがみ(日食)"
"1-n800m-1","1","ネクロズマ","あかつきのつばさ(月食)"
"1-n800m-2","2","Necrozma","あかつきのつばさ(月食)"
"1-n800u-1","1","ネクロズマ","ウルトラネクロズマ"
"1-n800u-2","2","Necrozma","ウルトラネクロズマ"
"1-n801-1","1","マギアナ",""
"1-n801-2","2","Magearna",""
"1-n802-1","1","マーシャドー",""
"1-n802-2","2","Marshadow",""
"1-n803-1","1","ベベノム",""
"1-n803-2","2","Poipole",""
"1-n804-1","1","アーゴヨン",""
"1-n804-2","2","Naganadel",""
"1-n805-1","1","ツンデツンデ",""
"1-n805-2","2","Stakataka",""
"1-n806-1","1","ズガドーン",""
"1-n806-2","2","Blacephalon",""
"1-n807-1","1","ゼラオラ",""
"1-n807-2","2","Zeraora",""
